0 1009944.75 4517.769313458992 24242343.61823072 967209.0 4450.524049144774 23212819.589442365
1 1009924.9166666666 4517.751983329826 24242186.142774273 967202.3333333334 4450.5066281937525 23212663.365798295
2 1009923.25 4517.715101431177 24241853.04807844 967190.1666666666 4450.469542272262 23212332.73543648
3 1009919.9166666666 4517.651207984627 24241276.992011145 967171.0 4450.405360168688 23211761.557232708
4 1009874.5 4517.556548581622 24240422.117634412 967149.4166666666 4450.310410033248 23210915.59740017
5 1009853.6666666666 4517.428698882231 24239266.18885758 967115.4166666666 4450.182206836057 23209772.478693333
6 1009830.25 4517.267792840798 24237809.042276476 967053.6666666666 4450.020942420584 23208333.103814393
7 1009756.8333333334 4517.073267215286 24236044.039341755 966990.25 4449.82602666053 23206590.750232488
8 1009690.3333333334 4516.845228721749 24233971.65875753 966911.4166666666 4449.597595354057 23204546.072274372
9 1009631.75 4516.582954583719 24231585.638555933 966801.0833333334 4449.334900344479 23202192.728614133
10 1009544.1666666666 4516.285324134582 24228873.985279337 966688.9166666666 4449.036861010611 23199519.22139545
11 1009460.6666666666 4515.952191702729 24225835.858066846 966577.3333333334 4448.7033185656755 23196524.643655784
12 1009359.75 4515.58301194896 24222464.032317255 966450.75 4448.333662193116 23193201.439839423
13 1009194.3333333334 4515.177110285229 24218752.21651515 966338.3333333334 4447.927222631565 23189543.81820175
14 1009027.0 4514.733746325256 24214694.760464173 966191.0833333334 4447.4832772473765 23185546.381769575
15 1008862.75 4514.252116840721 24210281.87043713 966014.1666666666 4447.001019523568 23181199.506897666
16 1008685.1666666666 4513.731387536954 24205507.502784546 965799.4166666666 4446.47956219438 23176496.823845103
17 1008465.25 4513.1707057818385 24200362.678849753 965596.1666666666 4445.918031795384 23171429.145357065
18 1008221.0 4512.5692187627155 24194838.985751864 965388.0 4445.31550647298 23165987.57588566
19 1007978.0833333334 4511.926063459755 24188930.41143656 965150.9166666666 4444.671174487023 23160166.59098722
20 1007736.4166666666 4511.240352532803 24182629.710938405 964903.25 4443.984139765778 23153959.052018
21 1007477.5 4510.511172674456 24175927.46310638 964649.9166666666 4443.253482665101 23147356.104479913
22 1007199.25 4509.737620350438 24168815.325896546 964353.6666666666 4442.478259383815 23140349.093357217
23 1006908.1666666666 4508.918741439754 24161285.066401783 964062.3333333334 4441.657501893501 23132929.900980923
24 1006628.0 4508.05363925298 24153328.028189633 963749.4166666666 4440.790313619457 23125089.764410038
25 1006330.6666666666 4507.141416075291 24144934.01729545 963421.9166666666 4439.875871292532 23116819.76797162
26 1006023.4166666666 4506.181143046648 24136096.54487244 963080.3333333334 4438.91319208929 23108112.86103149
27 1005692.0 4505.171892713889 24126802.22447897 962711.25 4437.901314506792 23098955.890596088
28 1005313.25 4504.1127933779335 24117050.70009187 962340.3333333334 4436.839381590282 23089348.207677297
29 1004916.75 4503.002902591738 24106829.731963582 961941.9166666666 4435.7264704377685 23079278.10703961
30 1004498.3333333334 4501.841275640634 24096129.32964656 961515.6666666666 4434.561621888043 23068735.87004843
31 1004058.5 4500.62703229138 24084945.43756666 961066.0833333334 4433.343959658113 23057717.421766203
32 1003606.3333333334 4499.359260751447 24073270.27130996 960599.6666666666 4432.072577515693 23046215.020210676
33 1003113.1666666666 4498.036998998202 24061089.99642211 960131.8333333334 4430.746525483589 23034215.63583393
34 1002595.4166666666 4496.659336738912 24048395.989134967 959637.0 4429.364834857313 23021710.74206633
35 1002056.4166666666 4495.225410759755 24035183.500449743 959114.8333333334 4427.926583812661 23008695.007678103
36 1001511.1666666666 4493.738853585007 24021440.058481883 958564.3333333334 4426.430909104543 22995156.818766057
37 1000934.3333333334 4492.194522642478 24007160.775821693 958000.1666666666 4424.876864603121 22981090.426791906
38 1000325.5 4490.591394783085 23992339.187580872 957422.4166666666 4423.263619631937 22966489.9926005
39 999711.4166666666 4488.928586359921 23976971.39920802 956822.5 4421.590253477228 22951351.25521022
40 999098.25 4487.205181656536 23961044.9913108 956189.0 4419.855878124498 22935662.65598815
41 998471.9166666666 4485.4203073648305 23944556.003112998 955537.1666666666 4418.0595689015845 22919419.852448214
42 997827.5833333334 4483.573059681949 23927496.151067227 954867.8333333334 4416.200397883376 22902614.782165237
43 997175.5 4481.662510778965 23909857.445543796 954173.75 4414.27749270609 22885239.568706665
44 996499.5833333334 4479.687832132975 23891634.029747337 953448.1666666666 4412.289957856478 22867287.96501386
45 995798.0833333334 4477.648113746317 23872812.850019112 952707.75 4410.2368948818885 22848747.73652373
46 995077.8333333334 4475.542479803623 23853390.087008137 951941.8333333334 4408.1174302427735 22829614.908246256
47 994342.25 4473.37004983038 23833359.77391731 951152.75 4405.930676029153 22809883.635316573
48 993568.3333333334 4471.129922993978 23812714.512058463 950336.6666666666 4403.675745741962 22789546.750769783
49 992755.3333333334 4468.821198266184 23791445.60854037 949493.4166666666 4401.351738550891 22768595.869902696
50 991914.5833333334 4466.443038356813 23769546.177723303 948629.9166666666 4398.9578007475975 22747024.103558123
51 991040.25 4463.994562579424 23747009.767287042 947743.5833333334 4396.492978030688 22724824.89756461
52 990135.75 4461.4749275827 23723838.962374922 946825.5 4393.956304053738 22701999.945822146
53 989177.9166666666 4458.883239217905 23700018.33364378 945881.8333333334 4391.3470353427 22678534.957897905
54 988192.5833333334 4456.218619732979 23675541.318227973 944912.9166666666 4388.664283020856 22654423.330637198
55 987177.5 4453.480161865756 23650394.06964976 943920.5833333334 4385.907072119517 22629651.236652877
56 986125.9166666666 4450.667036261925 23624574.896210097 942900.0833333334 4383.074659556559 22604217.609470047
57 985042.4166666666 4447.778369825314 23598077.787355438 941847.6666666666 4380.166154756938 22578116.43289828
58 983949.3333333334 4444.813284914718 23570903.0045153 940776.8333333334 4377.18063937148 22551347.44826105
59 982821.5 4441.770909581633 23543034.072148662 939670.1666666666 4374.117280306881 22523895.443566322
60 981687.0833333334 4438.650421514267 23514468.385537237 938537.1666666666 4370.975242457977 22495757.359502275
61 980516.25 4435.450965274908 23485201.407217618 937382.9166666666 4367.753638071556 22466928.578068864
62 979335.25 4432.171670649602 23455225.12280993 936195.1666666666 4364.451568028699 22437401.291989814
63 978118.75 4428.811698026739 23424543.714747377 934981.3333333334 4361.068081633685 22407178.745807815
64 976881.3333333334 4425.370184873923 23393144.025027767 933733.9166666666 4357.602454146294 22376248.710764244
65 975620.8333333334 4421.846266285171 23361020.874068495 932464.5 4354.053781378759 22344605.92662173
66 974330.25 4418.239113245255 23328168.485673938 931159.25 4350.421240349338 22312245.04095828
67 973004.4166666666 4414.54789007464 23294578.878890663 929830.9166666666 4346.703991615609 22279158.18386828
68 971653.0833333334 4410.771736105894 23260245.63657709 928467.75 4342.901178177089 22245339.19556337
69 970255.8333333334 4406.9098175374875 23225164.760070298 927076.0 4339.011925161702 22210783.725163028
70 968821.1666666666 4402.9612653422555 23189329.447194163 925653.75 4335.03541800094 22175485.588101216
71 967352.6666666666 4398.925266794058 23152738.852412414 924201.75 4330.970755224359 22139443.33799765
72 965859.75 4394.800977058085 23115383.67292723 922723.4166666666 4326.817143270414 22102648.386771083
73 964337.0833333334 4390.587536373301 23077257.84696785 921207.3333333334 4322.573757485167 22065095.071447838
74 962775.25 4386.284087808723 23038357.477195594 919660.4166666666 4318.239707006167 22026779.23366128
75 961207.0833333334 4381.889833355765 22998682.205040935 918086.3333333334 4313.814145022876 21987700.270019364
76 959597.3333333334 4377.403931263981 22958224.331742026 916481.8333333334 4309.29622023073 21947850.601061244
77 957938.9166666666 4372.825538700463 22916982.590824604 914844.5833333334 4304.685138232087 21907228.87898857
78 956239.5 4368.1538198226535 22874951.149755765 913171.4166666666 4299.98002472969 21865829.650439586
79 954535.5833333334 4363.387976517636 22832122.69689705 911469.3333333334 4295.180094209436 21823645.877770025
80 952800.4166666666 4358.527126579611 22788496.379722916 909736.0 4290.284454293447 21780676.67044509
81 951047.6666666666 4353.570504226032 22744064.47997669 907968.5833333334 4285.29233582379 21736914.553155623
82 949240.1666666666 4348.5172316852795 22698828.857574098 906170.9166666666 4280.202870303638 21692360.764601752
83 947388.5833333334 4343.366547061236 22652779.826175734 904339.4166666666 4275.015276503889 21647006.397342388
84 945504.4166666666 4338.117612268171 22605913.334188454 902475.75 4269.728706882424 21600847.462028727
85 943604.25 4332.769593328492 22558225.477776643 900576.5833333334 4264.342324975419 21553880.153783705
86 941652.9166666666 4327.3217005803035 22509712.839979198 898643.6666666666 4258.855335705901 21506101.11686188
87 939671.5833333334 4321.773089312692 22460371.996335745 896680.0 4253.266884790708 21457506.99393671
88 937674.5 4316.1229793450775 22410199.646089602 894682.0 4247.576189433059 21408094.574219063
89 935636.25 4310.3705088036695 22359191.914121937 892654.3333333334 4241.78241855151 21357860.18963409
90 933566.3333333334 4304.514856309157 22307351.19369589 890588.1666666666 4235.884712950824 21306805.90073444
91 931465.3333333334 4298.55526968149 22254669.382188153 888490.6666666666 4229.882316484844 21254924.041641425
92 929339.5833333334 4292.490923133263 22201143.698563367 886356.75 4223.774395772855 21202211.83732586
93 927163.0833333334 4286.321041152823 22146775.557613544 884190.25 4217.560117329636 21148670.205660008
94 924956.5 4280.044790975457 22091557.474582896 881985.8333333334 4211.238706196824 21094292.396137487
95 922715.25 4273.661390229576 22035487.12353525 879751.25 4204.809376128733 21039076.15484182
96 920433.3333333334 4267.170011445396 21978562.37202329 877488.6666666666 4198.271293431112 20983019.395063408
97 918120.4166666666 4260.5698759682155 21920780.636027172 875178.5 4191.6236799057215 20926119.65689678
98 915779.9166666666 4253.860177299304 21862140.211682886 872842.5833333334 4184.86569391538 20868375.14990465
99 913401.0833333334 4247.040179208609 21802644.784746733 870465.0833333334 4177.996514934383 20809788.993026406
100 910982.8333333334 4240.109038628472 21742286.212089676 868058.6666666666 4171.015409809269 20750353.94674917
101 908518.5833333334 4233.065967083792 21681062.895971075 865617.4166666666 4163.921585710082 20690068.451454442
102 906028.5833333334 4225.910168848282 21618973.23918399 863134.4166666666 4156.714244685761 20628931.01147397
103 903502.9166666666 4218.640855420756 21556015.412689805 860625.1666666666 4149.392611464409 20566940.02589334
104 900926.5833333334 4211.257242916792 21492188.748710908 858074.5 4141.9558798385 20504094.693668246
105 898331.75 4203.758541713617 21427493.461724218 855487.3333333334 4134.403257814172 20440395.170215715
106 895675.6666666666 4196.143985872187 21361928.426074434 852870.8333333334 4126.733955905862 20375840.285510756
107 893016.5833333334 4188.412775414622 21295491.600040767 850214.1666666666 4118.947205634966 20310428.411045592
108 890326.5833333334 4180.564145106128 21228181.74822158 847524.4166666666 4111.042236328125 20244158.400528736
109 887576.4166666666 4172.597307619274 21159998.3341126 844797.3333333334 4103.018265293069 20177029.81458721
110 884811.8333333334 4164.511481573642 21090940.931459602 842037.3333333334 4094.874507224723 20109042.30321541
111 881993.25 4156.305910576714 21021009.47690675 839240.25 4086.610209948396 20040195.877655502
112 879137.0 4147.979811030983 20950203.792582028 836412.4166666666 4078.224580947667 19970490.389411382
113 876261.5 4139.53240737263 20878523.440544587 833542.6666666666 4069.7168721238227 19899925.70357693
114 873344.25 4130.962954764081 20805969.734967694 830641.5833333334 4061.0863028748395 19828502.8842792
115 870390.5 4122.27068103236 20732542.53873791 827704.5833333334 4052.3321090071167 19756221.934179965
116 867413.4166666666 4113.454817917001 20658242.32781323 824728.5 4043.453526327055 19683083.42280993
117 864379.25 4104.544036786984 20583069.914007064 821722.5833333334 4034.44980673594 19609088.20450434
118 861306.1666666666 4095.5120687109793 20507025.999099333 818676.5833333334 4025.3201854130994 19534237.12854971
119 858199.0 4086.354716582991 20430112.154494673 815597.8333333334 4016.0639040176184 19458531.685228713
120 855042.3333333334 4077.09840228741 20352328.886312705 812485.6666666666 4006.680219885421 19381972.603146195
121 851871.8333333334 4067.721945738181 20273677.49063808 809335.0 3997.168371122177 19304561.2018876
122 848643.1666666666 4058.2183614355886 20194159.572477695 806147.8333333334 3987.527628650404 19226299.19969182
123 845404.5 4048.586933677217 20113777.5158907 802930.8333333334 3977.7572424901673 19147188.861754473
124 842121.75 4038.826871483958 20032531.498256143 799675.75 3967.856469977392 19067230.82054385
125 838826.1666666666 4028.9374418861844 19950424.199430928 796383.4166666666 3957.824535840178 18986427.55336889
126 835471.6666666666 4018.9179650461574 19867458.32817004 793062.5 3947.6607734993713 18904781.920382146
127 832075.75 4008.7676779200888 19783635.865723584 789699.9166666666 3937.3644028755084 18822295.90966216
128 828650.25 3998.485840887086 19698959.218632203 786302.0 3926.9346911286652 18738972.03141752
129 825176.6666666666 3988.071781569261 19613431.55247469 782876.5 3916.370944715526 18654813.412058994
130 821679.5833333334 3977.52469138121 19527055.002462912 779411.4166666666 3905.6723758227204 18569822.398221493
131 818146.4166666666 3966.8446514944744 19439833.34982212 775915.6666666666 3894.838328740368 18484002.747897584
132 814592.4166666666 3956.072029778896 19351772.33697045 772383.75 3883.868038020722 18397360.018208425
133 810983.1666666666 3945.1962860368258 19262872.12365987 768816.75 3872.760751593603 18309894.690014616
134 807347.75 3934.189551094251 19173136.585698653 765212.1666666666 3861.515854299885 18221610.77701743
135 803678.75 3923.047287587223 19082569.169538535 761581.25 3850.1325865445074 18132511.805322595
136 799971.1666666666 3911.7687482263286 18991173.5155151 757913.0 3838.6101835067957 18042601.442022044
137 796233.25 3900.353354586088 18898954.83242213 754212.8333333334 3826.948068488134 17951884.96974267
138 792447.6666666666 3888.800275232038 18805916.46791634 750476.5833333334 3815.1454051814667 17860365.84181293
139 788647.3333333334 3877.1089771759816 18712067.362709973 746712.5833333334 3803.201590969138 17768052.394056365
140 784804.4166666666 3865.278832642645 18617418.969248638 742908.5833333334 3791.115779928965 17674955.295409963
141 780913.3333333334 3853.308936642378 18521964.104103435 739078.8333333334 3778.8873470776703 17581069.03372435
142 777017.4166666666 3841.1987509703026 18425709.305338215 735211.4166666666 3766.5157046383374 17486399.985088784
143 773068.1666666666 3828.9801106770833 18328668.16373749 731313.75 3753.9999908029217 17390960.61099377
144 769089.5 3816.631134346204 18230847.26011206 727384.25 3741.339555505204 17294757.597957462
145 765072.3333333334 3804.1403323964178 18132244.648452796 723424.4166666666 3728.533747842867 17197789.25671858
146 761043.25 3791.507068705763 18032864.41526537 719431.6666666666 3715.582087686617 17100060.949813016
147 756965.8333333334 3778.730648151626 17932712.75233036 715406.25 3702.4838444957995 17001578.78016879
148 752862.6666666666 3765.8102984045304 17831795.41642672 711351.25 3689.375738274561 16902348.63880947
149 748733.5 3752.745491849459 17730120.263323203 707264.25 3676.205711887307 16802378.44706282
150 744558.25 3739.5355339376338 17627695.597567063 703150.4166666666 3662.8893942636987 16701676.078555198
151 740363.6666666666 3726.1797477526543 17524526.380236704 699000.7083333334 3649.426169199486 16600247.096572503
152 736138.75 3712.6774171486877 17420619.5901004 694829.875 3635.815324339148 16498098.55488704
153 731870.3333333334 3699.0280088767026 17315983.76946281 690622.3333333334 3622.0562948984643 16395238.728479216
154 727582.25 3685.272163065071 17210626.38346219 686388.875 3608.1484115809612 16291675.37128768
155 723272.0 3671.390641119541 17104555.633302666 682124.2083333334 3594.0910506575074 16187416.72380042
156 718919.4166666666 3657.4960655799277 16997779.376174048 677833.2916666666 3579.8835060433166 16082470.631070836
157 714533.5833333334 3643.4911557450255 16890309.7306632 673514.5416666666 3565.5252693907855 15976848.806306832
158 710137.0 3629.3655723115317 16782151.902579524 669169.25 3551.015673493686 15870557.068660038
159 705699.75 3615.104023520967 16673317.618366506 664791.2916666666 3536.354063687259 15763606.633630045
160 701235.5833333334 3600.6942810580263 16563813.27105634 660387.7083333334 3521.5398877287566 15656004.59635133
161 696742.25 3586.199248485076 16453648.584224176 655962.3333333334 3506.5725256514875 15547760.51013553
162 692233.3333333334 3571.600855848524 16342837.116978325 651506.1666666666 3491.4513227906946 15438887.352072246
163 687680.25 3556.853626948952 16231389.207544848 647028.0416666666 3476.175803406598 15329395.984343005
164 683098.625 3541.9977266751803 16119310.270917514 642521.0416666666 3460.745311162243 15219292.058774302
165 678506.25 3527.0642863999065 16006610.514755458 637989.6666666666 3445.1592022621467 15108585.979223762
166 673875.6666666666 3511.9856130225025 15893303.998082792 633436.25 3429.4170089094605 14997291.289349072
167 669225.2083333334 3496.8060547918335 15779402.363705724 628858.0833333334 3413.518046757946 14885419.39747412
168 664544.4583333334 3481.523621335804 15664913.542476911 624259.6666666666 3397.4618191653735 14772979.06838438
169 659843.3333333334 3466.091003835303 15549849.186649175 619631.5833333334 3381.247726231405 14659982.127847707
170 655128.2083333334 3450.5077604375333 15434222.136758821 614985.0416666666 3364.875248321115 14546441.183628248
171 650373.4166666666 3434.7733428694246 15318044.572562128 610316.625 3348.3437675580585 14432368.335528314
172 645601.0416666666 3418.887982542902 15201358.696897276 605626.5416666666 3331.652694911173 14317801.78817898
173 640806.7083333334 3402.8503514998997 15084145.227761945 600915.0 3314.801618184129 14202726.706466572
174 635988.9583333334 3386.724456108941 14966417.834200853 596183.4166666666 3297.8847033356965 14087156.61762576
175 631155.8333333334 3370.5370126577523 14848194.808442691 591430.0416666666 3280.9607389267176 13971108.988677403
176 626292.75 3354.3130762344754 14729484.845046168 586660.2083333334 3263.877596084386 13854593.336995674
177 621417.625 3338.0165878947982 14610307.827382987 581870.4166666666 3246.634796142578 13737628.855738819
178 616525.5 3321.7554103231837 14490678.644076616 577064.625 3229.231803580506 13620229.983115919
179 611611.8333333334 3305.366305150741 14370605.082060402 572239.5416666666 3211.977133973004 13502405.879534272
180 606676.4166666666 3288.8270501552483 14250102.857867964 567397.0 3194.7355229625964 13384171.970466333
181 601722.5 3272.1951318985375 14129187.72608263 562541.2916666666 3177.351505645334 13265543.94825193
182 596756.6666666666 3255.4438317975428 14007875.581842232 557665.7083333334 3160.06440212302 13146537.614563722
183 591771.625 3238.670677250267 13886182.607456049 552777.4583333334 3142.7130687138806 13027169.231576594
184 586782.4583333334 3221.7959298419137 13764125.689527432 547877.0416666666 3125.3764857462006 12907455.425432181
185 581761.4166666666 3204.9310981946114 13641721.399141831 542958.9166666666 3107.88495249291 12787412.868151983
186 576737.0416666666 3187.9963262052615 13518994.665411087 538029.6666666666 3090.2382620197454 12667064.858695878
187 571696.5833333334 3170.922838416466 13395954.491979474 533090.9166666666 3072.4357776380566 12546421.984456258
188 566643.6666666666 3153.70030861879 13272617.956852784 528136.4166666666 3054.4771143247003 12425501.077396646
189 561565.9583333334 3136.4204872587807 13149003.09734816 523173.0833333333 3036.361904196543 12304320.31448331
190 556488.25 3119.2033730009684 13025128.355883738 518199.8333333333 3018.0897685011773 12182897.87751404
191 551402.8333333334 3101.8902332273306 12901013.362769946 513219.8333333333 2999.66048734482 12061253.274455896
192 546297.75 3084.593562929854 12776675.714709897 508229.2083333333 2981.0735038861835 11939404.135642355
193 541180.25 3067.2545006385217 12652135.573931344 503230.375 2962.328609936858 11817370.379143601
194 536080.625 3049.924299712874 12527417.76764691 498223.3333333333 2943.4255789142767 11695175.91435945
195 530943.9166666666 3032.720563943977 12402542.986403465 493211.6666666667 2924.364125709011 11572841.972704899
196 525811.5 3015.4740772736377 12277523.870286446 488195.7083333333 2905.143802172517 11450381.26678563
197 520676.5833333333 2998.0850911458333 12152381.281159954 483176.7916666667 2885.7643415895227 11327814.798289288
198 515524.4166666667 2980.5534642928687 12027137.427940322 478147.5833333333 2866.325549818065 11205164.145100173
199 510373.0833333333 2962.960952941373 11901812.23773566 473120.4583333333 2847.1399661547516 11082449.855632497
200 505226.9583333333 2945.4374505458736 11776428.516136205 468092.4583333333 2828.113149146511 10959693.898006687
201 500065.8333333333 2927.9046835353233 11651012.548609842 463062.125 2809.2470326880884 10836922.425921284
202 494904.9166666667 2910.327932608841 11525580.907422423 458031.4166666667 2790.23007829222 10714152.136619166
203 489744.875 2892.769552951389 11400156.381205695 453001.2916666667 2771.062116231004 10591405.611675957
204 484586.1666666667 2875.1765328692577 11274761.944829447 447970.0833333333 2751.743026942423 10468705.84002372
205 479426.5 2857.61980856871 11149421.804724 442947.75 2732.2728020654968 10346076.727825992
206 474273.5833333333 2840.0248547676283 11024158.20832272 437924.125 2712.651065356111 10223540.219942737
207 469114.7083333333 2822.372914788662 10898996.098815558 432908.0416666667 2692.8779188182257 10101121.21910815
208 463965.25 2804.616967356103 10773968.25721877 427895.875 2673.4743301182575 9978851.57948249
209 458832.7083333333 2786.726832724025 10649089.621918654 422892.0 2654.206141641695 9856746.789555674
210 453693.75 2768.780155957866 10524387.038544387 417891.9583333333 2634.842431473405 9734833.266255662
211 448556.9166666667 2750.934612880609 10399883.104016928 412905.0416666667 2615.332767016267 9613134.011742841
212 443426.8333333333 2733.2920424762956 10275604.149151562 407922.875 2595.684355435306 9491674.664600046
213 438312.125 2715.681096212273 10151576.429276813 402955.5 2576.5065525002674 9370481.482354257
214 433212.0833333333 2698.1665377103363 10027832.390429659 397997.1666666667 2557.6160420456977 9249585.578922775
215 428113.875 2680.6995465661726 9904401.645073518 393055.3333333333 2539.2528878825983 9129015.829648115
216 423034.75 2663.3568447015223 9781298.115129063 388122.625 2521.0567142016266 9008788.499899568
217 417964.5833333333 2645.999693676549 9658605.033387681 383206.4166666667 2503.043790634364 8888977.978027815
218 412916.0416666667 2628.678758722289 9536290.982691675 378307.3333333333 2484.9705333970996 8769560.761421658
219 407875.0 2611.300798986712 9414382.941992363 373424.0833333333 2466.768175935092 8650563.619745055
220 402860.7083333333 2593.8024439102564 9292910.281955173 368559.25 2448.6035582659997 8532015.866570618
221 397850.7916666667 2576.1840761885683 9171902.802034141 363713.1666666667 2430.5376938075237 8413946.595478633
222 392855.1666666667 2558.575586146167 9051388.437899746 358889.5416666667 2412.3463226736408 8296383.740034255
223 387893.5833333333 2541.0093764606704 8931398.18621026 354084.5 2394.029918931935 8179357.628843535
224 382954.0416666667 2523.5382505759217 8811961.60504796 349306.2708333333 2375.5888772206763 8062897.729549868
225 378017.5416666667 2506.2155060596956 8693108.944372974 344549.875 2357.0235512093323 7947033.821093505
226 373131.875 2488.912837623531 8574871.616750231 339817.5416666667 2338.3345470689746 7831796.877486925
227 368247.2916666667 2471.694445279113 8457277.8727713 335114.875 2319.5219910504065 7717215.155395376
228 363404.125 2454.5198112813837 8340360.306286699 330437.9166666667 2300.58657878719 7603320.422719955
229 358585.1666666667 2437.376837940705 8224150.406095224 325791.9375 2281.5288303322986 7490143.472404146
230 353785.7916666667 2420.1852213541665 8108701.6774813365 321174.9791666667 2262.3514153467468 7377735.040825384
231 349032.375 2403.0010863214475 7994031.636712272 316589.0416666667 2243.5011011411066 7266113.349000641
232 344292.6666666667 2385.779607371795 7880156.48806628 312035.4791666667 2224.965089562821 7155296.751786508
233 339591.9791666667 2368.499091880342 7767109.264467715 307518.0416666667 2206.6339897260273 7045317.736332475
234 334931.8125 2351.285286249666 7654924.6114223655 303034.0 2188.4149245170697 6936210.449750055
235 330299.1458333333 2334.035342381143 7543634.014995997 298590.4166666667 2170.0856515544733 6828006.69817139
236 325704.7708333333 2316.6908635066106 7433306.049440658 294180.8541666667 2151.6508638564856 6720771.24374604
237 321149.6041666667 2299.3662082248266 7323942.327188014 289812.5625 2133.9188499973243 6614507.074715415
238 316627.25 2282.0417810162926 7215566.727960903 285482.6666666667 2116.3972937178937 6509238.952044353
239 312147.6458333333 2264.6236620259083 7108229.53094934 281197.9791666667 2099.1510578312286 6405016.180002479
240 307713.9791666667 2247.1592372796476 7001948.701781092 276955.8333333333 2081.8313172222815 6301857.151139678
241 303322.6041666667 2229.6612546741453 6896758.410461523 272758.375 2064.823406062714 6199795.770922903
242 298968.4166666667 2212.151931423611 6792695.177493647 268606.1875 2047.7436188998288 6098867.942451642
243 294665.6458333333 2194.7202920506143 6689795.427334806 264501.3125 2030.5730415239725 5999109.675655383
244 290410.2916666667 2177.490918803419 6588094.521590267 260446.04166666666 2014.2433613816352 5900555.608163318
245 286204.125 2160.594284188034 6487628.24194193 256441.45833333334 1998.2953215298587 5803241.103795466
246 282045.7708333333 2143.702161792201 6388431.22221806 252487.875 1982.736600692958 5707201.066922198
247 277942.25 2127.0574110243056 6290537.805110938 248587.875 1967.1789718000857 5612468.803571154
248 273893.5625 2110.4068613948984 6193993.161771117 244743.02083333334 1951.9479646029538 5519089.219945256
249 269891.8958333333 2093.741278545673 6098829.919256728 240951.8125 1936.9875939774186 5427093.832704427
250 265950.75 2077.0934574485846 6005076.297349541 237220.0625 1922.3456328927655 5336510.936048772
251 262061.8125 2060.611475861378 5912783.574881958 233546.14583333334 1908.2468830265411 5247390.3150942605
252 258236.125 2044.2498401609241 5821968.22245106 229932.75 1894.8311516748715 5159749.968603098
253 254471.6875 2028.1041942107372 5732671.609468899 226380.5 1881.3639936055222 5073629.347106375
254 250767.66666666666 2012.02498956664 5644940.382959084 222891.27083333334 1867.8495224208048 4989073.268847102
255 247126.5 1995.9728081597223 5558804.315671869 219466.45833333334 1854.2887029778467 4906111.502640774
256 243542.3125 1980.0685701288728 5474285.138933493 216106.58333333334 1840.681421567316 4824768.670302081
257 240031.375 1964.3065412994124 5391422.332010209 212815.0625 1827.0309038554153 4745083.609983978
258 236587.625 1948.8400908119659 5310274.0190102365 209591.97916666666 1813.3439021698416 4667113.157033652
259 233209.625 1933.7202019063836 5230860.623834834 206437.70833333334 1799.6202944402826 4590876.73460044
260 229899.72916666666 1918.718727046608 5153211.894957999 203355.3125 1786.2575516374143 4516405.25381899
261 226665.9375 1903.9519080528846 5077371.141105324 200344.77083333334 1772.8704666764768 4443740.777768564
262 223505.89583333334 1889.507027076656 5003374.196833726 197407.6875 1759.7879003237372 4372919.615070967
263 220415.75 1875.2962636051016 4931286.486701407 194546.39583333334 1746.8307001819348 4304001.204636282
264 217402.95833333334 1861.1236949953259 4861121.728705813 191761.33333333334 1733.8604000561859 4237003.355863337
265 214469.27083333334 1847.3033069577991 4792916.7891572565 189053.29166666666 1720.8815717305222 4171962.4662622516
266 211608.39583333334 1833.5236336471687 4726729.691502364 186424.16666666666 1707.9030326947775 4108933.9899554155
267 208830.70833333334 1820.148745910123 4662595.371165494 183875.22916666666 1694.9298998688998 4047952.994116659
268 206131.0625 1807.3241073217148 4600557.6402868405 181407.1875 1681.9693854345035 3989061.623747298
269 203513.58333333334 1794.9767686631944 4540624.285499432 179020.0625 1669.0232017203552 3932268.8633483895
270 200975.25 1782.8278420472757 4482760.578932907 176716.89583333334 1656.3811369595462 3877542.5175330723
271 198521.52083333334 1770.8029342781783 4426929.0674515655 174498.03125 1644.2474616063785 3824846.883671776
272 196155.54166666666 1758.9955900273771 4373132.516517913 172362.76041666666 1632.119659005779 3774186.298384469
273 193869.20833333334 1747.3364491519765 4321423.385268648 170314.52083333334 1620.3093328606592 3725612.070328704
274 191675.45833333334 1735.820263671875 4271862.076935835 168352.03125 1609.1190519986087 3679179.526070987
275 189567.39583333334 1724.6443764189369 4224519.595158641 166475.97916666666 1598.400987598994 3634952.346610888
276 187542.39583333334 1713.8359879974626 4179381.135723037 164688.02083333334 1587.9263698630136 3592919.633151274
277 185612.22916666666 1703.3231858473557 4136470.7219182407 162987.55208333334 1578.5720164677869 3553109.0847144
278 183763.79166666666 1693.099688251202 4095807.5537522733 161376.59375 1569.8393170082406 3515532.9019989497
279 182012.85416666666 1683.161722923344 4057347.3923518425 159853.44791666666 1561.9327359134204 3480146.387808743
280 180348.97916666666 1673.3944895165598 4021126.7335854424 158418.6875 1554.3780250026755 3446987.814727345
281 178771.04166666666 1664.3507758246528 3987147.375930383 157072.28125 1547.2527607956977 3416054.951559243
282 177283.16666666666 1655.9123313969017 3955423.1036599316 155815.65625 1541.1828446061643 3387358.0780672203
283 175887.29166666666 1647.7817608173077 3925874.672101076 154645.52083333334 1535.3481863361515 3360817.22367553
284 174579.86458333334 1639.9817545572917 3898541.6592501397 153562.11458333334 1529.6010290694564 3336466.0711812545
285 173358.14583333334 1632.7076105101496 3873406.5208259434 152564.69791666666 1523.9515046420163 3314282.5752715417
286 172226.76041666666 1626.0338395599626 3850414.2856950695 151651.64583333334 1518.402781865368 3294204.523752621
287 171177.07291666666 1619.8121390057424 3829564.7104202164 150821.85416666666 1512.9747364619006 3276225.5971020777
288 170218.4375 1614.0634477664262 3810839.5622798437 150072.14583333334 1507.7934185707406 3260324.8113227035
289 169336.63541666666 1608.731266693376 3794196.854493653 149401.91666666666 1503.3838760166952 3246453.6868145876
290 168541.25 1603.743119407719 3779589.024361772 148805.65625 1499.1646795403467 3234555.6602768158
291 167823.0625 1599.0550401475693 3766933.3932419005 148282.01041666666 1495.4268514554794 3224535.0118240067
292 167179.25 1594.897195930155 3756195.203701835 147826.54166666666 1491.8703479505566 3216337.327173541
293 166606.32291666666 1591.3805146567843 3747316.130501824 147434.47916666666 1488.6211037831763 3209882.631607955
294 166100.125 1588.4083562867254 3740259.547493877 147101.32291666666 1486.1771022848886 3205110.7949899607
295 165654.8125 1585.777196430956 3734906.993251628 146820.84375 1484.3261936135489 3201878.833400459
296 165274.60416666666 1583.5960173778044 3731217.7508522677 146587.13541666666 1483.1547165962115 3200120.4035684895
297 164941.07291666666 1581.7274242955395 3729010.3053860446 146395.125 1482.3270564667166 3199635.9549118145
298 164659.28125 1580.190164680155 3728128.959632215 146237.52083333334 1481.6629538340112 3200257.678331494
299 164415.88541666666 1578.9432542067307 3728397.6053701825 146107.5 1481.3105401862158 3201802.894062958
300 164206.38541666666 1578.0507674779647 3729616.7271101307 145999.8125 1481.1560744194135 3204072.189206274
301 164029.1875 1577.5377332899307 3731623.210735183 145910.67708333334 1481.2489214335403 3206907.235188335
302 163876.625 1577.2519840077457 3734238.4334855764 145833.26041666666 1481.4996605441995 3210143.3074633917
303 163747.03125 1577.1493385249732 3737317.773298424 145763.98958333334 1481.8289895253638 3213654.280042492
304 163630.02083333334 1577.223593165732 3740759.9449596936 145700.6875 1482.2316710589682 3217358.3328041644
305 163531.63541666666 1577.4589835403312 3744483.5610592198 145640.92708333334 1482.7025347147903 3221197.017244306
306 163439.69791666666 1577.8325128538995 3748432.599610208 145582.44791666666 1483.2384300754495 3225139.9798472733
307 163357.41666666666 1578.3058088775374 3752518.414131242 145523.08333333334 1483.834255270762 3229126.177403112
308 163280.45833333334 1578.8699089376335 3756716.511852351 145463.65625 1484.5310142203552 3233153.4950118978
309 163209.88541666666 1579.4912973257212 3760973.9372178093 145403.32291666666 1485.3070419520548 3237197.862878314
310 163140.73958333334 1580.15246227297 3765255.5526503646 145343.35416666666 1486.125324406036 3241238.0519949957
311 163077.09375 1580.8538682725693 3769573.3289772654 145282.8125 1486.9596984027182 3245302.1516676
312 163013.85416666666 1581.583164730235 3773896.279865547 145221.97916666666 1487.8036724769906 3249375.214534079
313 162955.20833333334 1582.323254707532 3778203.1611548597 145161.59375 1488.6511113415027 3253441.58352096
314 162897.67708333334 1583.0663031684028 3782502.88345604 145101.84375 1489.5041637681934 3257517.111532972
315 162840.86458333334 1583.805058510283 3786776.085239187 145043.41666666666 1490.3591124652182 3261593.1130309044
316 162783.53125 1584.543926532452 3791048.781029357 144985.26041666666 1491.222166296554 3265696.6435139207
317 162732.92708333334 1585.285209251469 3795270.246905556 144927.86458333334 1492.079425968536 3269778.1228378504
318 162677.34375 1586.0352739383013 3799476.796605801 144871.32291666666 1492.9408828526327 3273880.393816487
319 162626.80208333334 1586.790902527377 3803682.8091245946 144816.0625 1493.8114883213827 3278024.499144069
320 162578.51041666666 1587.5379978799413 3807865.65673573 144761.36458333334 1494.6819182095462 3282173.7353343214
321 162527.39583333334 1588.270543285924 3812000.6304779933 144707.98958333334 1495.5635233839898 3286298.242775628
322 162479.51041666666 1588.9926665998933 3816104.709581334 144655.16666666666 1496.4415667808219 3290411.498455506
323 162434.46875 1589.7165034889156 3820181.668969089 144604.23958333334 1497.3157624545163 3294514.9708754504
324 162387.03125 1590.4565383780716 3824254.7484688032 144555.11458333334 1498.1919062366223 3298630.7079494386
325 162339.21875 1591.1830883580396 3828276.88426258 144506.82291666666 1499.0581389126712 3302711.8041308695
326 162296.59375 1591.9135863214476 3832294.548215964 144458.90625 1499.9250120398117 3306797.091826198
327 162256.36458333334 1592.636058944311 3836266.20385587 144412.67708333334 1500.781326921019 3310843.5120747914
328 162215.55208333334 1593.3568413628473 3840242.667921644 144367.63541666666 1501.6401149802011 3314900.058165954
329 162175.04166666666 1594.0702436398237 3844168.6622658763 144323.64583333334 1502.4881591796875 3318914.7730318257
330 162138.14583333334 1594.7808101295407 3848064.955730091 144281.16666666666 1503.3302587221747 3322904.6339289066
331 162100.54166666666 1595.483998981704 3851937.013971226 144239.79166666666 1504.168045671019 3326873.9159736764
332 162061.96875 1596.1830687433226 3855753.532301249 144199.5 1504.9947710429153 3330798.8714109394
333 162024.40625 1596.8933560363248 3859522.376511574 144160.34375 1505.8121220836902 3334682.0318957944
334 161992.39583333334 1597.601226963141 3863234.12497051 144122.42708333334 1506.617946677012 3338514.0311350487
335 161958.07291666666 1598.2959852430556 3866892.4091081405 144085.46875 1507.4134638538098 3342299.0764243603
336 161924.09375 1598.9808038695246 3870510.806928817 144049.78125 1508.2015966127997 3346047.5889891335
337 161890.22916666666 1599.649957431891 3874043.965591535 144014.5625 1508.9729990501926 3349720.1827335167
338 161859.14583333334 1600.3052250267094 3877475.721625456 143980.45833333334 1509.7248418102527 3353304.348786436
339 161829.82291666666 1600.9392010550214 3880801.838327272 143948.54166666666 1510.4569392792166 3356797.5825059656
340 161800.02083333334 1601.5547066973825 3884017.762943837 143916.61458333334 1511.169025577911 3360196.800348864
341 161771.86458333334 1602.1417876936432 3887101.256627046 143885.58333333334 1511.855848338506 3363480.289898023
342 161744.5625 1602.705982071314 3890074.2400274295 143856.0 1512.5238304660745 3366670.092386105
343 161715.11458333334 1603.2409634581998 3892904.1827494237 143826.52083333334 1513.1671995398117 3369741.0493393997
344 161690.47916666666 1603.745984825721 3895585.5562100695 143798.76041666666 1513.7852030714898 3372687.364541807
345 161666.6875 1604.2175994090544 3898100.828006226 143772.04166666666 1514.3745250963184 3375493.9319554144
346 161641.48958333334 1604.6536015958868 3900437.4904720113 143745.51041666666 1514.9451803965112 3378149.6982143223
347 161616.65625 1605.0552738548345 3902599.0412277426 143719.71875 1515.4948529805222 3380659.555430562
348 161593.5 1605.4213287092682 3904578.526617888 143695.42708333334 1516.0124979933648 3383014.7939949683
349 161569.35416666666 1605.751481537126 3906372.713820058 143671.04166666666 1516.4979565764127 3385213.6211305107
350 161546.01041666666 1606.0482538728631 3907983.5081752613 143647.23958333334 1516.9521066325985 3387259.233245574
351 161523.98958333334 1606.3214384682158 3909432.2301899837 143625.0625 1517.3793627595248 3389169.7802288746
352 161502.82291666666 1606.5754740918803 3910702.5297000566 143602.58333333334 1517.775848806721 3390929.734894715
353 161483.32291666666 1606.7991945446047 3911811.9706667988 143580.55208333334 1518.1448439506635 3392553.341185972
354 161464.11458333334 1606.994444861779 3912769.1530442117 143558.85416666666 1518.487819723887 3394047.674440293
355 161443.17708333334 1607.1618059728899 3913576.8190574073 143538.88541666666 1518.8048463586258 3395415.4783158274
356 161423.65625 1607.3021935096153 3914240.7354724198 143518.6875 1519.0964021029538 3396660.742329151
357 161406.07291666666 1607.419973624466 3914781.9366908944 143499.63541666666 1519.365913286601 3397799.6126157576
358 161388.41666666666 1607.5297651241988 3915266.1458662767 143479.64583333334 1519.6280751685574 3398898.046652257
359 161367.80208333334 1607.6225018362713 3915654.31925019 143460.47916666666 1519.8738913340112 3399919.5477536824
360 161346.67708333334 1607.6974321414264 3915945.8370399484 143442.53125 1520.1005240662457 3400852.232898665
361 161328.5625 1607.764177684295 3916184.0915577654 143424.17708333334 1520.3169614190924 3401736.188996328
362 161313.20833333334 1607.8248034354967 3916380.0689464407 143405.86458333334 1520.5259892711902 3402586.3837138154
363 161296.65625 1607.868342681624 3916486.4096637066 143388.5 1520.7165661119434 3403355.6068328293
364 161278.92708333334 1607.898998397436 3916524.055248252 143371.8125 1520.8925379922946 3404061.9807906803
365 161260.26041666666 1607.939064586672 3916591.5983896567 143355.5625 1521.0787470569348 3404813.484101573
366 161243.94791666666 1607.9621440137553 3916573.6462371084 143338.94791666666 1521.246147260274 3405484.988161681
367 161227.29166666666 1607.9812879774306 3916529.3263914664 143322.82291666666 1521.4073703713614 3406131.3375438256
368 161212.51041666666 1607.9996678018163 3916473.3629675913 143306.58333333334 1521.5666604238013 3406770.971702543
369 161198.44791666666 1608.0053189269497 3916354.4495479884 143291.26041666666 1521.711288661173 3407348.7110897433
370 161182.65625 1608.001625934829 3916188.521127866 143275.82291666666 1521.844589442423 3407878.610789477
371 161165.67708333334 1608.0096458500268 3916041.0488973204 143261.21875 1521.9821844231592 3408428.445859091
372 161150.53125 1608.0357688969018 3915949.8135388424 143246.70833333334 1522.133625187286 3409041.186014595
373 161134.61458333334 1608.0501139322917 3915773.99556992 143231.77083333334 1522.2652337061215 3409571.5208434616
374 161120.14583333334 1608.0631906884348 3915584.208226437 143217.96875 1522.3966415614298 3410090.2630258277
375 161105.29166666666 1608.0801336304755 3915409.728767231 143204.71875 1522.5368050353168 3410636.633578668
376 161090.53125 1608.0858177250268 3915184.2126614726 143190.5 1522.6656209867294 3411139.033502223
377 161076.16666666666 1608.0855130709135 3914931.4140359405 143177.17708333334 1522.7891628317636 3411624.2893375927
378 161062.42708333334 1608.103907084669 3914761.0030094897 143163.45833333334 1522.9327609963614 3412203.905390421
379 161046.05208333334 1608.1059524405716 3914516.994258897 143150.76041666666 1523.0590753424658 3412713.0638007075
380 161032.28125 1608.1017774272168 3914245.7088355008 143138.10416666666 1523.1788246468323 3413197.8955540103
381 161019.94791666666 1608.075974475828 3913880.8901221314 143125.28125 1523.3059985017123 3413584.216401603
382 161005.73958333334 1608.047981353499 3913508.5552032096 143113.20833333334 1523.4352090913956 3413962.2276458396
383 160993.83333333334 1608.0133860009348 3913109.348330889 143100.33333333334 1523.5569583422516 3414311.77514597
384 160981.88541666666 1607.974163661859 3912692.162890895 143089.04166666666 1523.673289677868 3414641.119172885
385 160968.32291666666 1607.9222835703792 3912216.9970409344 143077.0 1523.7742602204623 3414909.330292313
386 160955.79166666666 1607.8787631043 3911769.203671078 143065.875 1523.8802841395548 3415202.1522589056
387 160943.07291666666 1607.8337189503204 3911317.8523748103 143054.21875 1523.9836760220462 3415486.6437226958
388 160930.0 1607.7858519464476 3910857.113014208 143043.48958333334 1524.0830747003424 3415757.3888116274
389 160916.48958333334 1607.741489299546 3910386.5188603383 143032.5625 1524.1785604398544 3416014.776601538
390 160904.73958333334 1607.6964372162126 3909914.1224899953 143021.3125 1524.2721164651114 3416267.059028751
391 160892.38541666666 1607.6431323450854 3909407.593560368 143011.0625 1524.356910183005 3416486.80912116
392 160879.625 1607.598494674813 3908942.312136648 143001.40625 1524.474686296019 3416748.230543958
393 160868.4375 1607.554182525374 3908481.0253979317 142991.21875 1524.5968502514984 3417012.2347114203
394 160857.52083333334 1607.5118239182693 3908031.876496495 142981.29166666666 1524.719646297089 3417283.597831922
395 160847.41666666666 1607.4628630809295 3907557.0490852715 142971.23958333334 1524.8343489137415 3417526.3490334456
396 160834.52083333334 1607.4178652510684 3907103.5348251318 142962.21875 1524.9518374090326 3417785.795655605
397 160824.04166666666 1607.3747045272437 3906662.5288856123 142952.08333333334 1525.0705432630566 3418056.393964583
398 160813.36458333334 1607.3133179754273 3906143.9933429696 142942.63541666666 1525.1681225920377 3418243.539759515
399 160802.39583333334 1607.2600352230236 3905666.879825918 142933.3125 1525.272567958048 3418465.2025613654
400 160790.42708333334 1607.2002979767628 3905166.251173831 142923.46875 1525.368358037243 3418655.985608754
