0 1896.5895182291667 190.14578161852413 69227.39596988588 2741.9563802083335 186.69791519599931 67056.54091509692
1 1894.8704427083333 190.14028455085815 69225.30074966724 2741.9388020833335 186.69241981557516 67054.48429714386
2 1894.8701171875 190.13500193313328 69223.27996667661 2741.9342447916665 186.6871384941572 67052.5005539016
3 1894.8688151041667 190.12939654511385 69221.12852016717 2741.9114583333335 186.68153455036062 67050.3886137396
4 1894.8684895833333 190.12322276825086 69218.75096557305 2741.9059244791665 186.67536258481934 67048.05486606529
5 1894.8683268229167 190.11622946970348 69216.04432899067 2741.8863932291665 186.66837131120027 67045.39820362836
6 1894.8663736979167 190.1080634178311 69212.8630736136 2741.8772786458335 186.66020779459768 67042.27626726063
7 1894.8662109375 190.09795192054457 69208.89792428062 2741.8486328125 186.65010132416612 67038.38645955056
8 1894.8655598958333 190.08431447756143 69203.53289648931 2741.7750651041665 186.6364723900451 67033.12486503457
9 1894.83203125 190.06442259397247 69195.71902353432 2741.1012369791665 186.61659158155604 67025.46231068173
10 1894.8089192708333 190.03437538902116 69183.96352152636 2741.0553385416665 186.586556844409 67013.93455259512
11 1894.80615234375 189.98946221672693 69166.45208369152 2740.8802083333335 186.54166570691214 66996.76285424735
12 1894.7932942708333 189.9247785514999 69141.27924820612 2740.623046875 186.47702031164624 66972.08140299932
13 1894.7604166666667 189.83601704871776 69106.69987132853 2738.9742838541665 186.3883002239126 66938.16834229576
14 1894.6863606770833 189.72025200765543 69061.52808352976 2736.6272786458335 186.27258959460588 66893.86491055068
15 1894.53515625 189.5753790695556 69004.98858454288 2734.2389322916665 186.12776979383926 66838.40699753196
16 1894.140625 189.40022550272803 68936.86427190818 2732.6350911458335 185.95267445113086 66771.58146058011
17 1893.8592122395833 189.19509792132385 68857.42441506317 2730.36669921875 185.747339888224 66693.6484027009
18 1889.2335611979167 188.96249895024914 68766.88453825183 2725.3621419270835 185.51380675190887 66604.81649854733
19 1882.5035807291667 188.70096966467992 68665.07359385345 2721.8806966145835 185.25085322975565 66504.92369549136
20 1881.1984049479167 188.40809890287244 68551.70998753965 2718.4617513020835 184.95636077854522 66393.69024321236
21 1880.0802408854167 188.08606048246978 68426.68618759104 2714.1486002604165 184.63211404094076 66271.006541228
22 1875.6946614583333 187.73580418616191 68289.72906264916 2709.48046875 184.2796581162202 66136.60588366394
23 1873.3460286458333 187.35603235143986 68141.02633670696 2703.87255859375 183.89722297689582 65990.67344384166
24 1869.5642903645833 186.94925119512794 67980.57635853524 2696.07666015625 183.48698122152936 65833.20123002445
25 1864.7529296875 186.51562377673073 67808.17446860693 2688.6971028645835 183.0496202637329 65663.9860653599
26 1859.8045247395833 186.05526606124107 67623.53393040074 2681.24267578125 182.58629661105718 65482.758898527696
27 1854.2259114583333 185.57152387197777 67426.53417578031 2673.62646484375 182.09955125210337 65289.39991015961
28 1848.78271484375 185.06396878250106 67217.15223726965 2665.54052734375 181.5908963300965 65083.885755346506
29 1842.3468424479167 184.53413025746198 66995.21945555114 2656.9557291666665 181.06195273909663 64866.05660693767
30 1837.7766927083333 183.98394213001959 66760.6026166774 2648.5047200520835 180.51405228734427 64635.79040148695
31 1832.328125 183.41211117307702 66513.1704955729 2638.9236653645835 179.94524572304394 64392.96319920201
32 1827.0826822916667 182.82007126961477 66252.7062897547 2628.0042317708335 179.35738301949343 64137.36804659791
33 1821.2568359375 182.2062961974093 65978.63398085337 2618.1126302083335 178.74916012953835 63868.45070120066
34 1814.5432942708333 181.5707696032406 65690.57823470054 2608.2438151041665 178.1177075256275 63585.85133184679
35 1807.0597330729167 180.91503290261312 65388.767707824125 2597.689453125 177.4674459020891 63289.793086477184
36 1799.404296875 180.23749443699813 65073.320965082 2584.6302083333335 176.7992915786177 62980.397611116
37 1791.380859375 179.54049294774998 64744.31892230103 2570.791015625 176.11386942534233 62657.74958241331
38 1782.7819010416667 178.82491477777535 64401.723577835255 2555.9529622395835 175.41107002775195 62321.82197610883
39 1773.2483723958333 178.09073987007483 64045.579440373614 2541.28173828125 174.68822248731027 61972.66397877876
40 1763.16796875 177.33812001409493 63675.96416705898 2526.3191731770835 173.9452690636467 61610.35912998803
41 1753.1808268229167 176.56688442743314 63292.96265547272 2511.5084635416665 173.18500636197345 61234.99829405121
42 1743.0764973958333 175.7754092547462 62896.66262106322 2496.6546223958335 172.41150466290114 60846.67717867171
43 1733.1461588541667 174.96767285939714 62487.22646213097 2481.0203450520835 171.6168899739159 60445.55922108213
44 1722.9690755208333 174.1422534623798 62064.84914625023 2464.78515625 170.80399875783536 60031.84142474768
45 1712.8984375 173.30069694335208 61629.63855781357 2447.2727864583335 169.97499490689628 59605.64061784341
46 1702.72802734375 172.44521315008808 61181.816103500736 2429.0242513020835 169.13132176602258 59167.18284281059
47 1692.3582356770833 171.5789224762784 60721.64461654642 2409.8333333333335 168.27094991901254 58716.73383026613
48 1680.74462890625 170.7018217457067 60249.32363519469 2390.3155924479165 167.39837003275494 58254.50059148653
49 1668.6819661458333 169.81454009683253 59765.09171710196 2370.5462239583335 166.50998672270254 57780.725951044886
50 1656.35986328125 168.91867271941368 59268.901497478735 2350.66015625 165.61196663519593 57295.35851222672
51 1644.19384765625 168.01314008636353 58760.53034187171 2330.2696940104165 164.7047272386979 56798.21389365788
52 1632.1207682291667 167.09941501764226 58240.78096161353 2308.7511393229165 163.78916389785783 56290.0855753059
53 1620.1022135416667 166.18047252411654 57710.227659331824 2287.12548828125 162.86830565624874 55771.548871263265
54 1608.7146809895833 165.25457415456935 57169.361512555435 2265.2228190104165 161.9449555410203 55243.09682759437
55 1595.9029947916667 164.32468258692344 56618.64372257099 2242.5442708333335 161.02343127807072 54705.197599867846
56 1583.0087890625 163.38907370244584 56058.59264723004 2220.3359375 160.102974216189 54158.36726063022
57 1569.4873046875 162.44733751940828 55489.64062458129 2197.244140625 159.18145303320145 53603.041312618705
58 1554.9210611979167 161.5009826581135 54912.28558264934 2173.5017903645835 158.2554830884769 53039.72354039503
59 1539.7540690104167 160.5493373715825 54327.097737191565 2149.5218098958335 157.3197835871759 52468.9869572848
60 1524.0467122395833 159.5956337550197 53734.667547129226 2124.9925130208335 156.3800046512529 51891.42263523157
61 1507.7054036458333 158.64168205527378 53135.650605813156 2100.3956705729165 155.4349013110162 51307.685288076544
62 1491.3380533854167 157.6882447091348 52530.67129396607 2076.2615559895835 154.48683198000398 50718.40670704307
63 1474.59814453125 156.73518113884867 51920.41841848568 2051.7506510416665 153.5433376200317 50124.27509743279
64 1457.5543619791667 155.78561113213905 51305.58084438251 2026.6783854166667 152.60692987233503 49525.980397762905
65 1441.42138671875 154.84250764175258 50686.95490007379 2001.09765625 151.68198629737037 48924.31809435109
66 1424.7687174479167 153.9070865521626 50065.358464109944 1974.833984375 150.77316717448525 48320.09955827898
67 1407.90771484375 152.9767658900659 49441.54170664338 1948.1494140625 149.86735335043852 47714.080679607374
68 1392.0908203125 152.05612836326188 48816.348216467995 1921.20751953125 148.971907258994 47107.10176306006
69 1376.0491536458333 151.14846018569156 48190.68661687062 1893.7923177083333 148.0910128943528 46500.062288195426
70 1359.65185546875 150.2580114673438 47565.37834391893 1865.3802083333333 147.2222280919346 45893.788377973135
71 1342.8610026041667 149.38306237241136 46941.4115389399 1837.2747395833333 146.36542428019956 45289.252469536164
72 1326.086669921875 148.52438903086428 46319.67313733969 1809.6795247395833 145.52028476794104 44687.350641793426
73 1309.5519205729167 147.68930355226496 45701.13365529083 1782.6077473958333 144.69316136082517 44089.043267850626
74 1293.5642903645833 146.8771522405087 45086.823773473036 1755.1241861979167 143.88215667496343 43495.34745085895
75 1276.9827473958333 146.09114043757032 44477.800650861376 1727.44384765625 143.09749179221131 42907.31375185104
76 1260.7184244791667 145.32755112389066 43875.03821045654 1699.6175130208333 142.33329611845204 42325.9042468154
77 1244.8695475260417 144.59448203060992 43279.65106535534 1672.2166341145833 141.60191076561827 41752.21820856024
78 1229.436279296875 143.89666653221343 42692.67626766855 1645.87646484375 140.90522736482433 41187.280517726365
79 1213.3973795572917 143.23192831029962 42115.242791638695 1621.4763997395833 140.24263478971596 40632.20236520501
80 1198.0282389322917 142.6037239673403 41548.44162538051 1598.8958333333333 139.6084404211187 40088.05686215031
81 1182.9589029947917 142.00624707423722 40993.3495061646 1577.6658528645833 139.00617837412037 39555.90050505143
82 1167.585205078125 141.4407496616616 40451.095674675984 1555.9326171875 138.4499234154529 39036.84115770482
83 1151.78515625 140.91449596627552 39922.78496205493 1534.1604817708333 137.9328355800159 38531.959783064005
84 1136.6095377604167 140.43937826880293 39409.52943324062 1513.2916666666667 137.45879153963887 38042.34035109448
85 1122.3907063802083 140.01531663263717 38912.38871702545 1493.1175130208333 137.0273612958515 37569.01349111842
86 1107.8916829427083 139.6415287718313 38432.487816872366 1479.2664388020833 136.6383194281399 37113.06991817991
87 1093.1288248697917 139.31678970348986 37970.81785397145 1471.9280598958333 136.3005158871035 36675.46711730057
88 1078.6570638020833 139.04347823529264 37528.43530416535 1464.3868815104167 136.01471114734787 36257.22138624014
89 1064.7291666666667 138.82182721330958 37106.265358832476 1454.2350260416667 135.78798479754028 35859.21286493173
90 1051.5083821614583 138.64743228954333 36705.228865039586 1442.59375 135.60688208436252 35482.3176246441
91 1038.3712565104167 138.515452074557 36326.14973752922 1432.552734375 135.47196001287708 35127.307778758426
92 1025.391845703125 138.42501431174102 35969.7686021758 1424.0994466145833 135.38345169225414 34794.86965070264
93 1012.802734375 138.39214504230694 35636.7513354199 1414.9724934895833 135.35177198131285 34485.608222642964
94 1000.5765787760416 138.40376952102113 35327.61902560189 1406.2366536458333 135.37657269125566 34199.97635407557
95 988.944580078125 138.45939302969208 35042.78186312582 1398.3479817708333 135.4572847671421 33938.312028970344
96 977.95166015625 138.56360150721144 34782.46799421992 1390.0055338541667 135.58390007194635 33700.76285065516
97 967.3512369791666 138.71159882741995 34546.74239830074 1381.0372721354167 135.747855865777 33487.304873607005
98 956.7556966145834 138.90647581537138 34335.39540266474 1371.64794921875 135.95127714571936 33297.6381440817
99 945.770751953125 139.1385020538859 34148.006357419 1363.0858561197917 136.19629213532863 33131.23753485317
100 930.7561848958334 139.39959859803434 33983.8202707587 1357.201416015625 136.46265047905223 32987.23985279467
101 917.932861328125 139.6824347460295 33841.647329680556 1353.0181477864583 136.74597274200826 32864.34445010545
102 906.502197265625 139.9781367080997 33719.60013382573 1349.0089518229167 137.04440931840375 32760.56292952252
103 895.704345703125 140.27717086351888 33614.54260210453 1344.753662109375 137.3451604546831 32672.68991039626
104 885.5725911458334 140.56247118796443 33521.611978833345 1340.0143229166667 137.6311291474056 32595.850732088973
105 876.2650553385416 140.83252709204967 33441.668786765185 1336.1249186197917 137.89864120220014 32530.666728669534
106 867.580078125 141.12028744103608 33388.97904431676 1332.8286946614583 138.18180303716275 32490.636749384856
107 859.5684407552084 141.40748223803638 33357.48684124918 1329.9637044270833 138.46998846407453 32469.789989914803
108 852.6495768229166 141.655854733378 33332.64565640109 1327.8316243489583 138.72411876279 32454.018808042958
109 846.8429361979166 141.85589977923738 33309.762192349466 1326.3186848958333 138.93210431045162 32438.702594774353
110 842.1602376302084 142.0069998561637 33286.48899496043 1325.3013509114583 139.09227359802458 32421.575519918322
111 838.556884765625 142.10856050135874 33261.35759814265 1324.6324869791667 139.20077164784948 32401.325639445124
112 835.88037109375 142.17548027441913 33238.52618377653 1324.1486002604167 139.27271634223683 32382.11855347224
113 833.826171875 142.24257333894465 33229.53821576603 1323.7804361979167 139.34311915267048 32375.17760677319
114 832.411376953125 142.3087284878622 33230.89607094872 1323.4353841145833 139.41148274183547 32377.326593627153
115 831.4462890625 142.35247602108134 33230.93466736379 1323.15478515625 139.45664079883431 32377.54388138254
116 830.7769368489584 142.37146520816978 33226.398870598954 1322.900634765625 139.4765778817022 32372.86946716871
117 830.3368326822916 142.3701598831349 33217.337858827785 1322.7372233072917 139.4759451906755 32363.510581761533
118 830.0697428385416 142.35044177196048 33203.27550909472 1322.546142578125 139.45658949576531 32349.158446357498
119 829.885986328125 142.31773594870873 33185.625012073455 1322.3309733072917 139.42412784431554 32331.262696787315
120 829.7628580729166 142.29971386571245 33175.13263643265 1322.104248046875 139.40601829116173 32320.09224070135
121 829.6641438802084 142.30824060281608 33176.491720765094 1321.9053548177083 139.41421660674592 32320.18547792959
122 829.5750325520834 142.317616245742 33178.92650939455 1321.6626790364583 139.42300218817005 32321.226124951594
123 829.54248046875 142.31552264834963 33177.155482757225 1321.4415690104167 139.41983735465345 32318.165892018897
124 829.546142578125 142.30147313395995 33171.03910266216 1321.1923828125 139.4045761380563 32310.881139914047
125 829.5128580729166 142.27560070635715 33160.535500365724 1320.9798177083333 139.37750911383415 32299.344145348554
126 829.502685546875 142.24160740261138 33146.97244536251 1320.783935546875 139.34243658524525 32284.876783982
127 829.5531412760416 142.21551006289425 33136.72112511195 1320.5909830729167 139.31488338685557 32273.570254576254
128 829.5486653645834 142.21219332698504 33135.70409997158 1320.3907063802083 139.30968968311305 32271.11798129914
129 829.5303548177084 142.2198134068833 33138.88368616371 1320.1788736979167 139.3152880783871 32272.713288992156
130 829.5088704427084 142.2235683706487 33140.11015636908 1319.974853515625 139.3172750352304 32272.475028253044
131 829.4873860677084 142.22060255725495 33138.17773896237 1319.8067220052083 139.3123949575479 32269.21796795483
132 829.4580891927084 142.21052013485843 33132.94392555512 1319.65771484375 139.30046671965042 32262.824953096955
133 829.398681640625 142.1922926755635 33124.07158856284 1319.57958984375 139.28045485730274 32252.99450480175
134 829.3456217447916 142.1688736917852 33112.75910909749 1319.473876953125 139.2552409506777 32240.867575568198
135 829.2744954427084 142.157160900209 33105.89965143752 1319.4485677083333 139.24161498812728 32233.023221812302
136 829.2015787760416 142.16926899901537 33108.53187539182 1319.3833821614583 139.2513810257643 32234.31071707705
137 829.1288248697916 142.19099953078043 33115.01688558679 1319.3438313802083 139.2707407241312 32239.336376133684
138 829.0445149739584 142.2093428144144 33120.051365885374 1319.310302734375 139.28674707972414 32242.979340114452
139 828.93115234375 142.22205423188967 33122.684397009 1319.3306477864583 139.29698463852577 32244.31481022894
140 828.8831380208334 142.23062857931265 33123.5616957053 1319.3457845052083 139.3029539329959 32243.956507838524
141 828.80859375 142.2371513587849 33123.5505746387 1319.3575032552083 139.30701789373083 32242.762205857834
142 828.72021484375 142.2466662832964 33124.68303696152 1319.4234212239583 139.31408952596684 32242.66986588665
143 828.6546223958334 142.27946599150772 33135.20807036103 1319.4654134114583 139.34464373659895 32251.54368285036
144 828.594482421875 142.42988581486952 33193.981858859515 1319.5262044270833 139.49258393440203 32306.65720100893
145 828.5693359375 142.5643464078631 33250.713529349974 1319.6185709635417 139.6258803785739 32361.59498815392
146 828.507568359375 142.4718392545059 33210.002989624816 1319.6852213541667 139.5332057983609 32322.044467198997
147 828.4478352864584 142.41053329234003 33181.72868707531 1319.749267578125 139.46963590527568 32293.681552916652
148 828.343994140625 142.39182574586252 33171.32274327192 1319.778564453125 139.44847494110002 32282.531174668366
149 828.277587890625 142.39637762932762 33170.76994866526 1319.8575032552083 139.45070702187348 32280.99586602342
150 828.2232259114584 142.41819381247421 33177.59020271578 1319.9263509114583 139.470271651572 32286.662633042783
151 828.1612955729166 142.45263922877305 33189.92598088937 1319.95458984375 139.5028742009943 32297.831856752353
152 828.091064453125 142.48516562763052 33201.61069619533 1320.000244140625 139.53431537044335 32308.68491733912
153 828.058837890625 142.49479533274175 33203.62538653165 1320.0999348958333 139.54293423774465 32310.20023280612
154 827.9688313802084 142.4752455654225 33193.11450340952 1320.15087890625 139.52120696442037 32299.049164651125
155 827.9452311197916 142.4536639415711 33181.732014512534 1320.162109375 139.49778160209348 32287.092454039266
156 827.8846028645834 142.4453578637005 33176.08544358157 1320.2010904947917 139.4880748876082 32280.84903610635
157 827.8495279947916 142.45034711786047 33176.15597776745 1320.2111002604167 139.4920570320858 32280.271085038054
158 827.819091796875 142.46385432349464 33179.92808042583 1320.2392578125 139.50486656162627 32283.4043683148
159 827.7793782552084 142.4811571043429 33185.41593118121 1320.2919921875 139.52186443561516 32288.379240182276
160 827.7760416666666 142.49792667815026 33190.77583561376 1320.3350423177083 139.53889510107535 32293.47697419033
161 827.7464192708334 142.50632091303535 33192.56721710182 1320.3509114583333 139.54707841247628 32294.94691493428
162 827.7392578125 142.4952483990377 33185.99044653211 1320.38037109375 139.53494779808474 32287.91213116126
163 827.6917317708334 142.4807067576959 33177.95716650049 1320.3975423177083 139.519568852643 32279.555893844346
164 827.6774088541666 142.47571460938167 33174.028723347175 1320.4356282552083 139.51405703212092 32275.318447518202
165 827.64013671875 142.47988339330638 33174.079737545995 1320.4571940104167 139.51795113127855 32275.01640394715
166 827.6046549479166 142.4911246616309 33177.21124699947 1320.4845377604167 139.52922598484332 32277.801351300273
167 827.6058756510416 142.50636680134937 33182.15609879628 1320.5172526041667 139.54488856553758 32282.53072740454
168 827.58935546875 142.5220375371084 33187.32941378285 1320.5813802083333 139.56134336974185 32287.65917360701
169 827.5677897135416 142.5248471539732 33186.97027609468 1320.62646484375 139.5640886480158 32287.092453672754
170 827.555908203125 142.51212286810252 33179.89246796313 1320.669921875 139.55093071677467 32279.773777861556
171 827.5394694010416 142.49869091267433 33172.5786522737 1320.71875 139.5373931375554 32272.342002641362
172 827.5391438802084 142.49532572245465 33169.610132933354 1320.752197265625 139.53413868718647 32269.19820911002
173 827.5165201822916 142.50241938675168 33171.1459833129 1320.7715657552083 139.54151950743997 32270.503858128
174 827.5218912760416 142.51650920199256 33175.73886794091 1320.8125813802083 139.55614816470305 32274.90157551563
175 827.5315755208334 142.53173453981205 33180.92337996163 1320.8782552083333 139.57238561017877 32280.06816417126
176 827.5474446614584 142.5403218873326 33183.309507805236 1320.928466796875 139.5819309704323 32282.505018217886
177 827.541748046875 142.53353372258454 33179.03810099058 1320.9908040364583 139.5752802498733 32278.09815461926
178 827.5301106770834 142.51934946704012 33171.607587073435 1321.02880859375 139.5612701047276 32270.62606253542
179 827.5352376302084 142.5115299725596 33166.937908244436 1321.064453125 139.55389830542106 32265.94154159429
180 827.556884765625 142.51430324183207 33166.80553856808 1321.1241861979167 139.5572741281314 32265.73745206618
181 827.5653483072916 142.5242438023788 33169.7714853305 1321.1713053385417 139.56794848074435 32268.62784866306
182 827.5587565104166 142.53712858814546 33174.057897330626 1321.2018229166667 139.58181547158333 32272.931406130803
183 827.5450846354166 142.54830797073748 33177.63627539438 1321.2496744791667 139.5940573355408 32276.578721851394
184 827.549072265625 142.5470762584121 33175.87970762337 1321.3048502604167 139.59343228707792 32274.81073768341
185 827.537109375 142.5360396672674 33169.88850465432 1321.3642578125 139.58288100125188 32268.85534866121
186 827.557861328125 142.52747974232497 33164.96710084022 1321.4200846354167 139.5749896480793 32264.010667445542
187 827.5557454427084 142.5268216344733 33163.43053062182 1321.4657389322917 139.57510466844496 32262.52016590787
188 827.575927734375 142.5331544017977 33164.90603974696 1321.5235188802083 139.58239281657652 32264.025108410104
189 827.5758463541666 142.54490608062227 33168.75718659166 1321.5595703125 139.59541512633083 32267.922276857276
190 827.5894368489584 142.55508087669645 33171.96131745594 1321.612548828125 139.60690539396262 32271.205632786077
191 827.60302734375 142.55606558277805 33171.19990071201 1321.65380859375 139.60893066458928 32270.506626350343
192 827.5869954427084 142.54807483053273 33166.57044828419 1321.7018229166667 139.60185246088975 32265.985461143933
193 827.5721028645834 142.54004609429612 33161.937036012845 1321.7490234375 139.59478837903268 32261.497404424157
194 827.5929361979166 142.53818899770783 33159.94350996424 1321.77490234375 139.59395935181507 32259.624203998985
195 827.5799967447916 142.5435930444278 33161.07311237706 1321.8155110677083 139.60044267783917 32260.832898059925
196 827.576171875 142.5537356481118 33164.2591580631 1321.8443196614583 139.61170693014515 32264.086623727435
197 827.5986328125 142.56299571693265 33167.08851765659 1321.8816731770833 139.62204660343218 32266.997076526914
198 827.5985514322916 142.5652641302423 33166.91398345566 1321.9130859375 139.62523001878253 32266.912338827042
199 827.5927734375 142.55944340103676 33163.27401269707 1321.9466959635417 139.6202649378804 32263.422138648704
200 827.5958658854166 142.55225155390073 33159.05011988818 1321.9662272135417 139.61399782485873 32259.385266397272
201 827.6000162760416 142.54910986219252 33156.55663638631 1321.978515625 139.6118462697546 32257.060503895696
202 827.5884602864584 142.55282038636733 33157.00557469018 1322.0161946614583 139.61654454572565 32257.626853596932
203 827.5940755208334 142.56173033605572 33159.70612703871 1322.0287272135417 139.62645986137784 32260.41528288093
204 827.5787760416666 142.57157153722443 33162.818916700235 1322.0618489583333 139.63727950171852 32263.60515814696
205 827.563720703125 142.57539830389257 33163.37169325329 1322.0830891927083 139.64198607871666 32264.264057758297
206 827.5882975260416 142.57135047629987 33160.555389026915 1322.10986328125 139.63877419141411 32261.617371398544
207 827.5909830729166 142.5633633919588 33156.059471866916 1322.1435546875 139.6316577661161 32257.34333904324
208 827.5682779947916 142.55874583632502 33153.02048513894 1322.1689453125 139.6279278350233 32254.505125642103
209 827.5562337239584 142.56227672428466 33153.464303336325 1322.2107747395833 139.6323380903764 32255.069916575034
210 827.5511067708334 142.57123121343773 33156.2423345374 1322.2631022135417 139.64223114996977 32257.928735027486
211 827.5616861979166 142.58130220847963 33159.51450532649 1322.3173014322917 139.6532509060806 32261.2783785868
212 827.5557454427084 142.58542233724813 33160.2600563687 1322.3681640625 139.65825145181495 32262.145977246684
213 827.572265625 142.58137704053132 33157.543555967095 1322.4141438802083 139.65502891935606 32259.622917623234
214 827.560791015625 142.57319959832432 33153.082139424645 1322.4469401041667 139.64765588652827 32255.401114543765
215 827.5587565104166 142.56912692732016 33150.36631435723 1322.5100911458333 139.64437071665247 32252.885203378242
216 827.5777180989584 142.57237478960147 33150.77843403259 1322.543701171875 139.6484152307719 32253.427673967897
217 827.56591796875 142.58126160471352 33153.60919947971 1322.599853515625 139.6581348247989 32256.341941981475
218 827.55078125 142.59096338600938 33156.79702243605 1322.637451171875 139.6686580513097 32259.61291081256
219 827.576171875 142.59478872480696 33157.496032987554 1322.6766764322917 139.67323188650045 32260.443300569128
220 827.554931640625 142.59097376962467 33154.95809538062 1322.70458984375 139.67012412419115 32258.1046234351
221 827.5432942708334 142.58575005604365 33151.783687692085 1322.7538248697917 139.66560719778678 32255.14695744983
222 827.524169921875 142.57990881971924 33148.41797265604 1322.7888997395833 139.66045966987917 32252.010944686215
223 827.534912109375 142.5807831616125 33147.915678423175 1322.8260904947917 139.6620209697201 32251.669362861237
224 827.525390625 142.58969726430797 33150.8045175596 1322.8592936197917 139.67163502525267 32254.633671019572
225 827.5098470052084 142.6005941677855 33154.558341226366 1322.8872884114583 139.6832735217482 32258.449857093532
226 827.5050455729166 142.60614320208578 33156.0599665069 1322.92333984375 139.68951645599822 32260.066187302633
227 827.4712727864584 142.60253772352837 33153.66148505887 1322.9666341145833 139.68653269110396 32257.872405681523
228 827.4625651041666 142.59430066306052 33149.302408760945 1323.011474609375 139.67889682607355 32253.766486577908
229 827.4503580729166 142.58855351034637 33146.01738257923 1323.0538736979167 139.67374406557775 32250.708073945585
230 827.4391276041666 142.58958945075085 33145.63971332518 1323.0973307291667 139.67537837143735 32250.48243141496
231 827.454833984375 142.5979405663592 33148.382846534536 1323.13134765625 139.6843525982013 32253.305590500226
232 827.4647623697916 142.60998525059088 33152.686718239456 1323.1621907552083 139.6970440389372 32257.653981248557
233 827.457763671875 142.6161010902425 33154.49442459085 1323.20068359375 139.7037933533979 32259.57387103946
234 827.4647623697916 142.6118970002698 33151.92241762806 1323.24560546875 139.70016433399758 32257.218012081248
235 827.4527994791666 142.60241511872474 33147.115826946116 1323.286376953125 139.69121675304768 32252.67728310235
236 827.4615071614584 142.59553820649762 33143.4390318274 1323.3324381510417 139.68486238047223 32249.2345568649
237 827.464111328125 142.5954113751532 33142.66927835295 1323.3756510416667 139.68524642259536 32248.620791926412
238 827.46533203125 142.60387811754742 33145.551069021865 1323.3958333333333 139.69425481482398 32251.571069831418
239 827.44873046875 142.61710919320717 33150.46747332188 1323.3976236979167 139.70806546315498 32256.515889538507
240 827.441650390625 142.62614664592084 33153.627230057806 1323.4213053385417 139.7176551906643 32259.753774207973
241 827.4539388020834 142.6232902857757 33151.73249684636 1323.4414876302083 139.71528777812787 32258.05267504848
242 827.4341634114584 142.61193045041531 33146.22619993443 1323.4967447916667 139.7043825024428 32252.826419585126
243 827.4409993489584 142.6011461489648 33140.99709281745 1323.5255533854167 139.69401523076488 32247.858765723748
244 827.4303385416666 142.5984334648663 33139.21525435768 1323.5555013020833 139.69171425717335 32246.244656334533
245 827.44775390625 142.60609872847215 33141.8515381188 1323.5712890625 139.69981956262447 32248.941221665635
246 827.4571940104166 142.62320489121333 33148.49005381383 1323.5741373697917 139.71742621664347 32255.55089292803
247 827.4444986979166 142.63786407450948 33154.11900674616 1323.603271484375 139.73259893577585 32261.189945860613
248 827.4485677083334 142.63633497768123 33152.86518482227 1323.6072591145833 139.7315251050802 32260.112301761925
249 827.4365234375 142.62117839934783 33145.81246294079 1323.6209309895833 139.71677384195448 32253.370591233594
250 827.4458821614584 142.60590410674982 33138.73965458804 1323.65625 139.7018930591017 32246.602568902254
251 827.440185546875 142.5998716663733 33135.61050789806 1323.6678873697917 139.6962198404503 32243.66424463059
252 827.4317220052084 142.6070903697683 33138.137843583056 1323.6835123697917 139.7038169571116 32246.23644507179
253 827.4259440104166 142.62659448144728 33145.889894780834 1323.67919921875 139.72375607243615 32253.915693625044
254 827.4230143229166 142.6461101675483 33153.664467229675 1323.671875 139.74372051225845 32261.629853633272
255 827.4287109375 142.64846534073237 33154.132270002156 1323.6771647135417 139.7464876295645 32262.219857476215
256 827.449462890625 142.63074592349426 33146.06604143924 1323.6888020833333 139.7291413011979 32254.4857998426
257 827.4673665364584 142.61174908341465 33137.46701267719 1323.7125651041667 139.71050286594826 32246.229340164722
258 827.470703125 142.60258540079627 33133.078288527264 1323.7469075520833 139.701671560834 32242.065559277737
259 827.4772135416666 142.60856894127014 33135.1415083847 1323.7587890625 139.70798697433207 32244.178722566543
260 827.5021158854166 142.62827898349417 33143.075536298944 1323.7504069010417 139.72804681670405 32252.013213332742
261 827.5154622395834 142.65229498070195 33152.845455267394 1323.7622884114583 139.75247670427154 32261.64717562561
262 827.5155436197916 142.65747626314985 33154.59524802255 1323.7522786458333 139.7580553368677 32263.482735506033
263 827.5169270833334 142.63932830255203 33146.411394281735 1323.7652180989583 139.74025759680498 32255.64549140736
264 827.5565592447916 142.61854188627265 33137.11556630527 1323.7826334635417 139.7198113023343 32246.71672916885
265 827.5536295572916 142.60742724954434 33131.944091423764 1323.8141276041667 139.70901430435092 32241.78638362278
266 827.5587565104166 142.61137384978386 33133.205916840416 1323.8271484375 139.71326913603156 32243.112628439703
267 827.553955078125 142.62990723446464 33140.71151901301 1323.81494140625 139.73210769583085 32250.517155355657
268 827.5689290364584 142.65538316293302 33151.16573658568 1323.8135579427083 139.75790584814425 32260.7994053376
269 827.5730794270834 142.66430980696367 33154.567444691245 1323.793212890625 139.76719025501035 32264.230254231923
270 827.5811360677084 142.6474191012215 33146.96819606132 1323.8072102864583 139.7506405969758 32256.953759080334
271 827.5831705729166 142.62479890402054 33136.938830341984 1323.8490397135417 139.72832517108105 32247.299807576386
272 827.5673014322916 142.61153971215148 33130.904652100944 1323.8739420572917 139.71533715848406 32241.515231814352
273 827.5888671875 142.61356362485031 33131.391795692034 1323.884521484375 139.717625590545 32242.07297648753
274 827.5983072916666 142.63159857514452 33138.73543137954 1323.894775390625 139.73591462761954 32249.304443990077
275 827.605712890625 142.65853058587885 33149.88336016229 1323.880126953125 139.76311361666242 32260.246110495533
276 827.6124674479166 142.67017106749913 33154.49310044847 1323.87548828125 139.77507172245424 32264.84095949753
277 827.61865234375 142.65439014425212 33147.40973102361 1323.8816731770833 139.75960164569463 32258.061071776126
278 827.6293131510416 142.63084032209213 33137.03633149834 1323.909912109375 139.73632470977046 32248.071718311956
279 827.6381022135416 142.616122656466 33130.43282925657 1323.9447428385417 139.72184290737772 32241.73062499141
280 827.6520182291666 142.61664561159378 33130.33047386336 1323.9689127604167 139.72259067583687 32241.707389203162
281 827.6593424479166 142.63369724636138 33137.29379321073 1323.9716796875 139.73985849782156 32248.55814531202
282 827.6650390625 142.660231966651 33148.30931975799 1323.9601236979167 139.7666144288725 32259.355215463904
283 827.6478678385416 142.6731431575968 33153.508152735965 1323.9371744791667 139.77981109531345 32264.513280940868
284 827.6426595052084 142.6595012547086 33147.37917297185 1323.9444173177083 139.76646958451002 32258.658144818175
285 827.6427408854166 142.63629798913854 33137.19196826371 1323.982421875 139.74353330236858 32248.847670790045
286 827.6617024739584 142.6215790844149 33130.6239385953 1323.9982096354167 139.72902853277665 32242.537074373227
287 827.6720377604166 142.6212889566993 33130.20278215952 1324.0013834635417 139.72893168160775 32242.194397047693
288 827.666015625 142.63630066159422 33136.33235395708 1323.9892578125 139.74412759620657 32248.224564812157
289 827.6444498697916 142.66092411730776 33146.571316769376 1323.9718424479167 139.76893789556962 32258.257200634143
290 827.6416829427084 142.67472748700504 33152.18969612461 1323.9339192708333 139.78298739487064 32263.813910453548
291 827.6600748697916 142.66373534093853 33147.22839073769 1323.9340006510417 139.77226454424226 32259.08610747423
292 827.6536458333334 142.64138978438044 33137.446626590456 1323.9560546875 139.75015654744982 32249.66177585056
293 827.6656087239584 142.62595625293432 33130.617379898635 1323.9862467447917 139.73491458870873 32243.09315995659
294 827.6722819010416 142.62443334830112 33129.71290231075 1323.9934895833333 139.7335609023398 32242.275116015655
295 827.6805013020834 142.63801183222455 33135.26564026637 1323.9908854166667 139.74729887827357 32247.737285602005
296 827.6835123697916 142.66132816297412 33144.992910718 1323.96044921875 139.7707789369502 32257.26623585626
297 827.6709798177084 142.67690603446508 33151.40025213851 1323.9309895833333 139.78657061156525 32263.57911811395
298 827.6688639322916 142.66822122846722 33147.45304401364 1323.9208170572917 139.77812916938947 32259.82752696692
299 827.6638997395834 142.64673397797077 33138.05081221943 1323.94189453125 139.75686230675947 32250.763672093533
300 827.6809895833334 142.62996557411734 33130.6800466678 1323.9733072916667 139.7402725965985 32243.662097452914
301 827.6915690104166 142.62648936449122 33128.97415428729 1323.9825032552083 139.7369447275739 32242.05654603616
302 827.693115234375 142.63836728309818 33133.82807740727 1323.9742838541667 139.74895827597388 32246.829890133267
303 827.6902669270834 142.66164127710113 33143.5528037225 1323.946533203125 139.77236570615077 32256.3438754571
304 827.6648763020834 142.6788493707044 33150.68590252382 1323.912109375 139.78976264400504 32263.35370655083
305 827.67431640625 142.67253323187117 33147.77677087733 1323.90478515625 139.78367605088633 32260.60721717356
306 827.6773274739584 142.65073568238068 33138.29374184591 1323.916748046875 139.76207879772122 32251.461442772525
307 827.6883138020834 142.63274684868415 33130.44294457996 1323.943359375 139.74424288873706 32243.884432007464
308 827.6868489583334 142.62797099477498 33128.22017199594 1323.953125 139.73959088956528 32241.76741852847
309 827.689453125 142.63874398081765 33132.63766057816 1323.93359375 139.75047411550997 32246.107712024095
310 827.6981608072916 142.66207169502113 33142.41808809576 1323.9151204427083 139.77391087364134 32255.668382510816
311 827.6883951822916 142.68088405663732 33150.26860555103 1323.8924153645833 139.7928906825936 32263.368772004516
312 827.6817220052084 142.67595785816377 33147.989104327295 1323.88720703125 139.78817222252815 32261.227419238807
313 827.688232421875 142.65393031285683 33138.43448902416 1323.8844401041667 139.76632356808292 32252.003654771783
314 827.69775390625 142.6348625204507 33130.15641845518 1323.9007161458333 139.7473905407518 32244.006317958596
315 827.7027994791666 142.62876687841793 33127.401662456854 1323.9037272135417 139.7414042579291 32241.36819559233
316 827.71044921875 142.63843089961614 33131.37861377545 1323.898681640625 139.75115704289513 32245.272099604153
317 827.7118326822916 142.66197385570518 33141.27460233052 1323.8798828125 139.77478490023947 32254.937303792638
318 827.696533203125 142.68333867151327 33150.22705442196 1323.88330078125 139.79629863831198 32263.701941658554
319 827.692626953125 142.68033327175235 33148.77061785677 1323.8702799479167 139.7934863460352 32262.353225805004
320 827.693359375 142.65735241266358 33138.82509114113 1323.8707682291667 139.77068245452074 32252.748562380722
321 827.6997884114584 142.63644155323834 33129.776510410644 1323.8806966145833 139.74990268351706 32244.00092177197
322 827.7184244791666 142.62861930069576 33126.3085467274 1323.8809407552083 139.74217786448733 32240.66446429034
323 827.712158203125 142.63752306038413 33129.97633158218 1323.8784993489583 139.75115585766125 32244.262905851683
324 827.7129720052084 142.661507253723 33140.09604940357 1323.8653157552083 139.77519280507184 32254.13688091564
325 827.7047526041666 142.6857430782454 33150.28477018363 1323.8592122395833 139.79955340913304 32264.095897030376
326 827.7080891927084 142.68454464046266 33149.61065317081 1323.8492838541667 139.79853339244636 32263.503016875307
327 827.7034505208334 142.6607118134772 33139.311089026676 1323.856689453125 139.77487471024105 32253.554002064866
328 827.7190755208334 142.6381577735478 33129.57519066121 1323.863037109375 139.75246059386996 32244.14282571882
329 827.7197265625 142.62926175904207 33125.662167886454 1323.8610026041667 139.74366429266365 32240.377649002923
330 827.722900390625 142.6373511891069 33128.99525234541 1323.8528645833333 139.75181819270477 32243.648385870776
331 827.7203776041666 142.66067853344694 33138.847534442524 1323.85400390625 139.77518109320496 32253.25349413655
332 827.7147623697916 142.68639311275663 33149.68826327867 1323.8272298177083 139.8009869846568 32263.835794311482
333 827.7137044270834 142.6874364251877 33149.98775542721 1323.837646484375 139.8021979776433 32264.186663840563
334 827.717041015625 142.66398409882063 33139.871387020525 1323.8248697916667 139.77892029546072 32254.41736769566
335 827.71240234375 142.64032089649356 33129.67796852906 1323.829833984375 139.7553982531654 32244.562104878387
336 827.712158203125 142.6301324494938 33125.23256185301 1323.842041015625 139.74530171085968 32240.275846424334
337 827.709716796875 142.63689370530204 33128.019638444355 1323.837646484375 139.75211577420953 32243.011118649043
338 827.7246907552084 142.65992489765165 33137.75884505216 1323.8248697916667 139.77517822230507 32252.50413287679
339 827.7058919270834 142.68694825588452 33149.182041589476 1323.8179524739583 139.8022579197505 32263.640967739393
340 827.7212727864584 142.6899498955497 33150.33962554687 1323.828125 139.8053965244798 32264.815361758272
341 827.724853515625 142.6667699050382 33140.35000069135 1323.8141276041667 139.78239250402592 32255.16792250024
342 827.7154947916666 142.64239137357734 33129.86624428735 1323.8038736979167 139.75815245142192 32245.027734242267
343 827.7206217447916 142.6308155906275 33124.84557196952 1323.8211263020833 139.74665621811283 32240.17715245521
344 827.7151692708334 142.63634107878232 33127.11892096756 1323.8197428385417 139.75222402557267 32242.408414944217
345 827.72314453125 142.65864796101047 33136.569207867164 1323.7989095052083 139.774545842951 32251.61569823973
346 827.7215983072916 142.68675045684833 33148.469956591514 1323.7972005208333 139.80268795772855 32263.21346545361
347 827.7208658854166 142.69224659298888 33150.70438886157 1323.8056640625 139.80830281019485 32265.42849481755
348 827.7328287760416 142.66963593102201 33140.97168460515 1323.7986653645833 139.7858584352412 32256.02611567137
349 827.7119954427084 142.64423307199183 33130.06777219003 1323.7891438802083 139.76059536335794 32245.47932638522
350 827.7168782552084 142.63141605465273 33124.527613075414 1323.7987467447917 139.7478685280259 32240.128879130112
351 827.718505859375 142.63577876008347 33126.31700804804 1323.7948404947917 139.75227347616496 32241.889621509283
352 827.7217610677084 142.65722322604609 33135.408251354245 1323.78759765625 139.7737088395482 32250.73764980533
353 827.7290852864584 142.68569920607146 33147.49873884106 1323.7685546875 139.80219256507513 32262.50952564017
354 827.7294921875 142.6944442559153 33151.12926951937 1323.7777506510417 139.81103566107186 32266.07567948622
355 827.7242838541666 142.67362404047975 33142.15683663136 1323.7628580729167 139.79038716569733 32257.411834062885
356 827.721435546875 142.64686110454747 33130.68491113852 1323.7676595052083 139.7637643276342 32246.312624414146
357 827.7173665364584 142.6322301900156 33124.385677469276 1323.7646484375 139.74921929959734 32240.222565890603
358 827.72119140625 142.63471214625335 33125.387182906736 1323.7578125 139.75173401475914 32241.213137179348
359 827.7178548177084 142.65487879756063 33133.947000418404 1323.751953125 139.77188054601672 32249.53935933385
360 827.7378743489584 142.6848002260026 33146.65873661487 1323.7539876302083 139.80178039340072 32261.90410028525
361 827.7364095052084 142.69642827933205 33151.53084621859 1323.7544759114583 139.8134879100172 32266.670669099738
362 827.7313639322916 142.67643524655026 33142.93406538987 1323.749755859375 139.79366416184894 32258.37096417585
363 827.7399088541666 142.64910283829852 33131.22701629826 1323.74658203125 139.76646634487068 32247.041228362104
364 827.7254231770834 142.6330465851675 33124.331854622884 1323.7490234375 139.75049269295397 32240.37108681982
365 827.7266438802084 142.63402148273312 33124.69493951924 1323.73974609375 139.75149890386058 32240.739787396684
366 827.7256673177084 142.6529215074808 33132.721607389816 1323.7312825520833 139.77037489071265 32248.54501578342
367 827.729248046875 142.68308007328713 33145.543709425896 1323.7405598958333 139.80049396686093 32261.010942666104
368 827.7320963541666 142.69793353478258 33151.8023648772 1323.7521158854167 139.81540478880854 32267.11876076034
369 827.7403157552084 142.68023347995234 33144.17838130763 1323.7516276041667 139.79786577213758 32259.760174566574
370 827.7273763020834 142.65171807818746 33131.97198283897 1323.731201171875 139.76949643485153 32247.94633924952
371 827.728271484375 142.6335243620753 33124.17410342204 1323.7181803385417 139.7513833567243 32240.396916001144
372 827.7255045572916 142.63248008273106 33123.6831035439 1323.7142740885417 139.75036690012905 32239.933580763227
373 827.72412109375 142.65027128201908 33131.24124915882 1323.7071940104167 139.76812721313897 32247.280795813174
374 827.7347819010416 142.68108906636502 33144.35841073912 1323.7242838541667 139.79889153062405 32260.0314368965
375 827.726806640625 142.69984185691362 33152.28343498297 1323.7421061197917 139.81767583743886 32267.75232473147
376 827.7349446614584 142.6843916102724 33145.61414352191 1323.7469075520833 139.80238638593633 32261.319473420444
377 827.724365234375 142.6547008932284 33132.90723118149 1323.7223307291667 139.77284850459654 32249.019679208508
378 827.7342122395834 142.634540762274 33124.269637278616 1323.703857421875 139.75277427260704 32240.657334343894
379 827.7188313802084 142.6316477296713 33122.99414124683 1323.688720703125 139.74991061141495 32239.432323166497
380 827.7208658854166 142.6475237396598 33129.738824244654 1323.69580078125 139.7657573379499 32245.988329651576
381 827.7261555989584 142.67823546867203 33142.823967637574 1323.700439453125 139.7964055903076 32258.704607250034
382 827.72802734375 142.7007323531704 33152.353697523235 1323.7377115885417 139.81890296716549 32267.97732323712
383 827.7447102864584 142.68862735814417 33147.11164253318 1323.7364095052083 139.8069530658261 32262.929793160765
384 827.73095703125 142.65824097619162 33134.11332300057 1323.7080078125 139.7767283633883 32250.34852629273
385 827.7360026041666 142.6360554124763 33124.6191279785 1323.6809895833333 139.7546223463754 32241.149678322872
386 827.7144368489584 142.63088113658165 33122.37801280832 1323.6649576822917 139.74947911603815 32238.984454362177
387 827.7162272135416 142.64476195920295 33128.27862995101 1323.6663411458333 139.76332878051338 32244.717824236657
388 827.7285970052084 142.67530397904792 33141.29153697045 1323.69189453125 139.79379589401262 32257.35859842194
389 827.7314453125 142.70152266800838 33152.40652361405 1323.719970703125 139.81999762285977 32268.170771319114
390 827.75732421875 142.69225210472294 33148.373899447695 1323.7257486979167 139.81087367471534 32264.296427879195
391 827.743408203125 142.66114065645925 33135.0702879727 1323.7041015625 139.77993493030755 32251.419755731426
392 827.7378743489584 142.6370798058967 33124.786219484464 1323.6713053385417 139.75595455806192 32241.45194303411
393 827.7178548177084 142.62985926415948 33121.678983553895 1323.654541015625 139.74876212854244 32238.4435310474
394 827.7164713541666 142.64220338195963 33126.92753383702 1323.656005859375 139.76107473779464 32243.541825400116
395 827.72900390625 142.67278394882246 33139.9633759711 1323.683837890625 139.79156821177386 32256.202802223885
396 827.7381998697916 142.70168058105503 33152.22697357408 1323.7073567708333 139.82043223057298 32268.12888397693
397 827.7576497395834 142.69544269194373 33149.49866200858 1323.7208658854167 139.8143275955604 32265.518988984364
398 827.7525227864584 142.66480136759665 33136.384160214584 1323.7003580729167 139.78386770320844 32252.826326549453
399 827.7396647135416 142.63868670026955 33125.22475886211 1323.6664225260417 139.7578478506986 32242.01203382653
400 827.7276204427084 142.62950427643835 33121.28387616857 1323.644287109375 139.74869930236605 32238.19472521982
